Критерий Пирсона
Нормальное распределение
m_normal = 0
sigma_normal = 1
numberofelements = 50
уровень значимости = 0.05
viborka = [-2.974560976465263, -2.024099862039736, -1.853318904320952, -1.5033941152743886, -1.439513361099078, -1.3403644438905633, -1.058682576372787, -0.8085672362853039, -0.7863696578812653, -0.5914159953028946, -0.5015814940264886, -0.480639267640356, -0.4266768047932792, -0.3681476250313377, -0.3466850444763606, -0.32268481414917505, -0.29611805354032794, -0.29280074436237286, -0.2919278737082637, -0.13624808458545573, -0.13091910643786414, -0.11925979263316855, -0.11683693644849215, -0.011932406641680155, 0.004224045225212708, 0.11765345813853798, 0.13427586160957167, 0.1656286811612983, 0.16681810550634146, 0.17537691411203543, 0.19400539861928415, 0.37062201118705845, 0.40477085456624373, 0.5955557852860389, 0.6164207231343032, 0.6883702228834082, 0.6999957168344428, 0.7657286698580712, 0.7689513667635919, 0.821720115799084, 0.8482456780821088, 0.8876698730500611, 0.8936816388570837, 0.9573442505003323, 1.2337169984507896, 1.2513122224068534, 1.6637846071171767, 1.8364080100493314, 1.8993764576999017, 2.044470455853878]
Xi*2 = 7.13950400891699
Xi*2_krit = 9.487728
Гипотеза принята!

